12 rect 2 2 gaussian
 0.50  0.87  1.00  0.87  0.50  0.00 -0.50 -0.86 -1.00 -0.87 -0.50 -0.00 01
-0.87 -1.00 -0.87 -0.50 -0.00  0.50  0.86  1.00  0.87  0.50  0.00 -0.50 02
 0.00  0.00  0.00  0.00  0.00  0.00  1.00  1.00  0.00  0.00  0.00  0.00 03
 0.00  0.00  0.00  0.00  1.00  1.00  1.00  1.00  1.00  1.00  0.00  0.00 04
 0.00  0.00  0.00  0.00  0.00  0.00  0.00  0.00  0.00  1.00  1.00  1.00 05
 1.00  1.00  1.00  1.00  0.00  0.00  0.00  0.00  0.00  0.00  0.00  0.00 06
 0.50  0.87  1.00  0.87  0.50  0.00 -0.50 -0.86 -1.00 -0.87 -0.50 -0.00 07
-0.87 -1.00 -0.87 -0.50 -0.00  0.50  0.86  1.00  0.87  0.50  0.00 -0.50 08
 0.00  0.00  0.00  0.00  0.00  0.00  1.00  1.00  0.00  0.00  0.00  0.00 09
 0.00  0.00  0.00  0.00  1.00  1.00  1.00  1.00  1.00  1.00  0.00  0.00 10
 0.00  0.00  0.00  0.00  0.00  0.00  0.00  0.00  0.00  1.00  1.00  1.00 11
 1.00  1.00  1.00  1.00  0.00  0.00  0.00  0.00  0.00  0.00  0.00  0.00 12
 0.50  0.87  1.00  0.87  0.50  0.00 -0.50 -0.86 -1.00 -0.87 -0.50 -0.00 13
-0.87 -1.00 -0.87 -0.50 -0.00  0.50  0.86  1.00  0.87  0.50  0.00 -0.50 14
 0.00  0.00  0.00  0.00  0.00  0.00  1.00  1.00  0.00  0.00  0.00  0.00 15
 0.00  0.00  0.00  0.00  1.00  1.00  1.00  1.00  1.00  1.00  0.00  0.00 16
 0.00  0.00  0.00  0.00  0.00  0.00  0.00  0.00  0.00  1.00  1.00  1.00 17
 1.00  1.00  1.00  1.00  0.00  0.00  0.00  0.00  0.00  0.00  0.00  0.00 18
 0.50  0.87  1.00  0.87  0.50  0.00 -0.50 -0.86 -1.00 -0.87 -0.50 -0.00 19
-0.87 -1.00 -0.87 -0.50 -0.00  0.50  0.86  1.00  0.87  0.50  0.00 -0.50 20
 0.00  0.00  0.00  0.00  0.00  0.00  1.00  1.00  0.00  0.00  0.00  0.00 21
 0.00  0.00  0.00  0.00  1.00  1.00  1.00  1.00  1.00  1.00  0.00  0.00 22
 0.00  0.00  0.00  0.00  0.00  0.00  0.00  0.00  0.00  1.00  1.00  1.00 23
 1.00  1.00  1.00  1.00  0.00  0.00  0.00  0.00  0.00  0.00  0.00  0.00 24
 0.50  0.87  1.00  0.87  0.50  0.00 -0.50 -0.86 -1.00 -0.87 -0.50 -0.00 25
-0.87 -1.00 -0.87 -0.50 -0.00  0.50  0.86  1.00  0.87  0.50  0.00 -0.50 26
 0.00  0.00  0.00  0.00  0.00  0.00  1.00  1.00  0.00  0.00  0.00  0.00 27
 0.00  0.00  0.00  0.00  1.00  1.00  1.00  1.00  1.00  1.00  0.00  0.00 28
 0.00  0.00  0.00  0.00  0.00  0.00  0.00  0.00  0.00  1.00  1.00  1.00 29
 1.00  1.00  1.00  1.00  0.00  0.00  0.00  0.00  0.00  0.00  0.00  0.00 30
 0.50  0.87  1.00  0.87  0.50  0.00 -0.50 -0.86 -1.00 -0.87 -0.50 -0.00 31
-0.87 -1.00 -0.87 -0.50 -0.00  0.50  0.86  1.00  0.87  0.50  0.00 -0.50 32
 0.00  0.00  0.00  0.00  0.00  0.00  1.00  1.00  0.00  0.00  0.00  0.00 33
 0.00  0.00  0.00  0.00  1.00  1.00  1.00  1.00  1.00  1.00  0.00  0.00 34
 0.00  0.00  0.00  0.00  0.00  0.00  0.00  0.00  0.00  1.00  1.00  1.00 35
 1.00  1.00  1.00  1.00  0.00  0.00  0.00  0.00  0.00  0.00  0.00  0.00 36
 0.50  0.87  1.00  0.87  0.50  0.00 -0.50 -0.86 -1.00 -0.87 -0.50 -0.00 37
-0.87 -1.00 -0.87 -0.50 -0.00  0.50  0.86  1.00  0.87  0.50  0.00 -0.50 38
 0.00  0.00  0.00  0.00  0.00  0.00  1.00  1.00  0.00  0.00  0.00  0.00 39
 0.00  0.00  0.00  0.00  1.00  1.00  1.00  1.00  1.00  1.00  0.00  0.00 40
 0.00  0.00  0.00  0.00  0.00  0.00  0.00  0.00  0.00  1.00  1.00  1.00 41
 1.00  1.00  1.00  1.00  0.00  0.00  0.00  0.00  0.00  0.00  0.00  0.00 42
 0.50  0.87  1.00  0.87  0.50  0.00 -0.50 -0.86 -1.00 -0.87 -0.50 -0.00 43
-0.87 -1.00 -0.87 -0.50 -0.00  0.50  0.86  1.00  0.87  0.50  0.00 -0.50 44
 0.00  0.00  0.00  0.00  0.00  0.00  1.00  1.00  0.00  0.00  0.00  0.00 45
 0.00  0.00  0.00  0.00  1.00  1.00  1.00  1.00  1.00  1.00  0.00  0.00 46
 0.00  0.00  0.00  0.00  0.00  0.00  0.00  0.00  0.00  1.00  1.00  1.00 47
 1.00  1.00  1.00  1.00  0.00  0.00  0.00  0.00  0.00  0.00  0.00  0.00 48
 0.50  0.87  1.00  0.87  0.50  0.00 -0.50 -0.86 -1.00 -0.87 -0.50 -0.00 49
-0.87 -1.00 -0.87 -0.50 -0.00  0.50  0.86  1.00  0.87  0.50  0.00 -0.50 50
 0.00  0.00  0.00  0.00  0.00  0.00  1.00  1.00  0.00  0.00  0.00  0.00 51
 0.00  0.00  0.00  0.00  1.00  1.00  1.00  1.00  1.00  1.00  0.00  0.00 52
 0.00  0.00  0.00  0.00  0.00  0.00  0.00  0.00  0.00  1.00  1.00  1.00 53
 1.00  1.00  1.00  1.00  0.00  0.00  0.00  0.00  0.00  0.00  0.00  0.00 54
 0.50  0.87  1.00  0.87  0.50  0.00 -0.50 -0.86 -1.00 -0.87 -0.50 -0.00 55
-0.87 -1.00 -0.87 -0.50 -0.00  0.50  0.86  1.00  0.87  0.50  0.00 -0.50 56
 0.00  0.00  0.00  0.00  0.00  0.00  1.00  1.00  0.00  0.00  0.00  0.00 57
 0.00  0.00  0.00  0.00  1.00  1.00  1.00  1.00  1.00  1.00  0.00  0.00 58
 0.00  0.00  0.00  0.00  0.00  0.00  0.00  0.00  0.00  1.00  1.00  1.00 59
 1.00  1.00  1.00  1.00  0.00  0.00  0.00  0.00  0.00  0.00  0.00  0.00 60
 0.50  0.87  1.00  0.87  0.50  0.00 -0.50 -0.86 -1.00 -0.87 -0.50 -0.00 61
-0.87 -1.00 -0.87 -0.50 -0.00  0.50  0.86  1.00  0.87  0.50  0.00 -0.50 62
 0.00  0.00  0.00  0.00  0.00  0.00  1.00  1.00  0.00  0.00  0.00  0.00 63
 0.00  0.00  0.00  0.00  1.00  1.00  1.00  1.00  1.00  1.00  0.00  0.00 64
 0.00  0.00  0.00  0.00  0.00  0.00  0.00  0.00  0.00  1.00  1.00  1.00 65
 1.00  1.00  1.00  1.00  0.00  0.00  0.00  0.00  0.00  0.00  0.00  0.00 66
 0.50  0.87  1.00  0.87  0.50  0.00 -0.50 -0.86 -1.00 -0.87 -0.50 -0.00 67
-0.87 -1.00 -0.87 -0.50 -0.00  0.50  0.86  1.00  0.87  0.50  0.00 -0.50 68
 0.00  0.00  0.00  0.00  0.00  0.00  1.00  1.00  0.00  0.00  0.00  0.00 69
 0.00  0.00  0.00  0.00  1.00  1.00  1.00  1.00  1.00  1.00  0.00  0.00 70
 0.00  0.00  0.00  0.00  0.00  0.00  0.00  0.00  0.00  1.00  1.00  1.00 71
 1.00  1.00  1.00  1.00  0.00  0.00  0.00  0.00  0.00  0.00  0.00  0.00 72
 0.50  0.87  1.00  0.87  0.50  0.00 -0.50 -0.86 -1.00 -0.87 -0.50 -0.00 73
-0.87 -1.00 -0.87 -0.50 -0.00  0.50  0.86  1.00  0.87  0.50  0.00 -0.50 74
 0.00  0.00  0.00  0.00  0.00  0.00  1.00  1.00  0.00  0.00  0.00  0.00 75
 0.00  0.00  0.00  0.00  1.00  1.00  1.00  1.00  1.00  1.00  0.00  0.00 76
 0.00  0.00  0.00  0.00  0.00  0.00  0.00  0.00  0.00  1.00  1.00  1.00 77
 1.00  1.00  1.00  1.00  0.00  0.00  0.00  0.00  0.00  0.00  0.00  0.00 78
 0.50  0.87  1.00  0.87  0.50  0.00 -0.50 -0.86 -1.00 -0.87 -0.50 -0.00 79
-0.87 -1.00 -0.87 -0.50 -0.00  0.50  0.86  1.00  0.87  0.50  0.00 -0.50 80
 0.00  0.00  0.00  0.00  0.00  0.00  1.00  1.00  0.00  0.00  0.00  0.00 81
 0.00  0.00  0.00  0.00  1.00  1.00  1.00  1.00  1.00  1.00  0.00  0.00 82
 0.00  0.00  0.00  0.00  0.00  0.00  0.00  0.00  0.00  1.00  1.00  1.00 83
 1.00  1.00  1.00  1.00  0.00  0.00  0.00  0.00  0.00  0.00  0.00  0.00 84
 0.50  0.87  1.00  0.87  0.50  0.00 -0.50 -0.86 -1.00 -0.87 -0.50 -0.00 85
-0.87 -1.00 -0.87 -0.50 -0.00  0.50  0.86  1.00  0.87  0.50  0.00 -0.50 86
 0.00  0.00  0.00  0.00  0.00  0.00  1.00  1.00  0.00  0.00  0.00  0.00 87
 0.00  0.00  0.00  0.00  1.00  1.00  1.00  1.00  1.00  1.00  0.00  0.00 88
 0.00  0.00  0.00  0.00  0.00  0.00  0.00  0.00  0.00  1.00  1.00  1.00 89
 1.00  1.00  1.00  1.00  0.00  0.00  0.00  0.00  0.00  0.00  0.00  0.00 90
 0.50  0.87  1.00  0.87  0.50  0.00 -0.50 -0.86 -1.00 -0.87 -0.50 -0.00 91
-0.87 -1.00 -0.87 -0.50 -0.00  0.50  0.86  1.00  0.87  0.50  0.00 -0.50 92
 0.00  0.00  0.00  0.00  0.00  0.00  1.00  1.00  0.00  0.00  0.00  0.00 93
 0.00  0.00  0.00  0.00  1.00  1.00  1.00  1.00  1.00  1.00  0.00  0.00 94
 0.00  0.00  0.00  0.00  0.00  0.00  0.00  0.00  0.00  1.00  1.00  1.00 95
 1.00  1.00  1.00  1.00  0.00  0.00  0.00  0.00  0.00  0.00  0.00  0.00 96
 0.50  0.87  1.00  0.87  0.50  0.00 -0.50 -0.86 -1.00 -0.87 -0.50 -0.00 97
-0.87 -1.00 -0.87 -0.50 -0.00  0.50  0.86  1.00  0.87  0.50  0.00 -0.50 98
 0.00  0.00  0.00  0.00  0.00  0.00  1.00  1.00  0.00  0.00  0.00  0.00 99
 0.00  0.00  0.00  0.00  1.00  1.00  1.00  1.00  1.00  1.00  0.00  0.00 100
 0.00  0.00  0.00  0.00  0.00  0.00  0.00  0.00  0.00  1.00  1.00  1.00 101
 1.00  1.00  1.00  1.00  0.00  0.00  0.00  0.00  0.00  0.00  0.00  0.00 102
 0.50  0.87  1.00  0.87  0.50  0.00 -0.50 -0.86 -1.00 -0.87 -0.50 -0.00 103
-0.87 -1.00 -0.87 -0.50 -0.00  0.50  0.86  1.00  0.87  0.50  0.00 -0.50 104
 0.00  0.00  0.00  0.00  0.00  0.00  1.00  1.00  0.00  0.00  0.00  0.00 105
 0.00  0.00  0.00  0.00  1.00  1.00  1.00  1.00  1.00  1.00  0.00  0.00 106
 0.00  0.00  0.00  0.00  0.00  0.00  0.00  0.00  0.00  1.00  1.00  1.00 107
 1.00  1.00  1.00  1.00  0.00  0.00  0.00  0.00  0.00  0.00  0.00  0.00 108
 0.50  0.87  1.00  0.87  0.50  0.00 -0.50 -0.86 -1.00 -0.87 -0.50 -0.00 109
-0.87 -1.00 -0.87 -0.50 -0.00  0.50  0.86  1.00  0.87  0.50  0.00 -0.50 110
 0.00  0.00  0.00  0.00  0.00  0.00  1.00  1.00  0.00  0.00  0.00  0.00 111
 0.00  0.00  0.00  0.00  1.00  1.00  1.00  1.00  1.00  1.00  0.00  0.00 112
 0.00  0.00  0.00  0.00  0.00  0.00  0.00  0.00  0.00  1.00  1.00  1.00 113
 1.00  1.00  1.00  1.00  0.00  0.00  0.00  0.00  0.00  0.00  0.00  0.00 114
 0.50  0.87  1.00  0.87  0.50  0.00 -0.50 -0.86 -1.00 -0.87 -0.50 -0.00 115
-0.87 -1.00 -0.87 -0.50 -0.00  0.50  0.86  1.00  0.87  0.50  0.00 -0.50 116
 0.00  0.00  0.00  0.00  0.00  0.00  1.00  1.00  0.00  0.00  0.00  0.00 117
 0.00  0.00  0.00  0.00  1.00  1.00  1.00  1.00  1.00  1.00  0.00  0.00 118
 0.00  0.00  0.00  0.00  0.00  0.00  0.00  0.00  0.00  1.00  1.00  1.00 119
 1.00  1.00  1.00  1.00  0.00  0.00  0.00  0.00  0.00  0.00  0.00  0.00 120
 0.50  0.87  1.00  0.87  0.50  0.00 -0.50 -0.86 -1.00 -0.87 -0.50 -0.00 121
-0.87 -1.00 -0.87 -0.50 -0.00  0.50  0.86  1.00  0.87  0.50  0.00 -0.50 122
 0.00  0.00  0.00  0.00  0.00  0.00  1.00  1.00  0.00  0.00  0.00  0.00 123
 0.00  0.00  0.00  0.00  1.00  1.00  1.00  1.00  1.00  1.00  0.00  0.00 124
 0.00  0.00  0.00  0.00  0.00  0.00  0.00  0.00  0.00  1.00  1.00  1.00 125
 1.00  1.00  1.00  1.00  0.00  0.00  0.00  0.00  0.00  0.00  0.00  0.00 126
 0.50  0.87  1.00  0.87  0.50  0.00 -0.50 -0.86 -1.00 -0.87 -0.50 -0.00 127
-0.87 -1.00 -0.87 -0.50 -0.00  0.50  0.86  1.00  0.87  0.50  0.00 -0.50 128
 0.00  0.00  0.00  0.00  0.00  0.00  1.00  1.00  0.00  0.00  0.00  0.00 129
 0.00  0.00  0.00  0.00  1.00  1.00  1.00  1.00  1.00  1.00  0.00  0.00 130
 0.00  0.00  0.00  0.00  0.00  0.00  0.00  0.00  0.00  1.00  1.00  1.00 131
 1.00  1.00  1.00  1.00  0.00  0.00  0.00  0.00  0.00  0.00  0.00  0.00 132
 0.50  0.87  1.00  0.87  0.50  0.00 -0.50 -0.86 -1.00 -0.87 -0.50 -0.00 133
-0.87 -1.00 -0.87 -0.50 -0.00  0.50  0.86  1.00  0.87  0.50  0.00 -0.50 134
 0.00  0.00  0.00  0.00  0.00  0.00  1.00  1.00  0.00  0.00  0.00  0.00 135
 0.00  0.00  0.00  0.00  1.00  1.00  1.00  1.00  1.00  1.00  0.00  0.00 136
 0.00  0.00  0.00  0.00  0.00  0.00  0.00  0.00  0.00  1.00  1.00  1.00 137
 1.00  1.00  1.00  1.00  0.00  0.00  0.00  0.00  0.00  0.00  0.00  0.00 138
 0.50  0.87  1.00  0.87  0.50  0.00 -0.50 -0.86 -1.00 -0.87 -0.50 -0.00 139
-0.87 -1.00 -0.87 -0.50 -0.00  0.50  0.86  1.00  0.87  0.50  0.00 -0.50 140
 0.00  0.00  0.00  0.00  0.00  0.00  1.00  1.00  0.00  0.00  0.00  0.00 141
 0.00  0.00  0.00  0.00  1.00  1.00  1.00  1.00  1.00  1.00  0.00  0.00 142
 0.00  0.00  0.00  0.00  0.00  0.00  0.00  0.00  0.00  1.00  1.00  1.00 143
 1.00  1.00  1.00  1.00  0.00  0.00  0.00  0.00  0.00  0.00  0.00  0.00 144
 0.50  0.87  1.00  0.87  0.50  0.00 -0.50 -0.86 -1.00 -0.87 -0.50 -0.00 145
-0.87 -1.00 -0.87 -0.50 -0.00  0.50  0.86  1.00  0.87  0.50  0.00 -0.50 146
 0.00  0.00  0.00  0.00  0.00  0.00  1.00  1.00  0.00  0.00  0.00  0.00 147
 0.00  0.00  0.00  0.00  1.00  1.00  1.00  1.00  1.00  1.00  0.00  0.00 148
 0.00  0.00  0.00  0.00  0.00  0.00  0.00  0.00  0.00  1.00  1.00  1.00 149
 1.00  1.00  1.00  1.00  0.00  0.00  0.00  0.00  0.00  0.00  0.00  0.00 150
 0.50  0.87  1.00  0.87  0.50  0.00 -0.50 -0.86 -1.00 -0.87 -0.50 -0.00 151
-0.87 -1.00 -0.87 -0.50 -0.00  0.50  0.86  1.00  0.87  0.50  0.00 -0.50 152
 0.00  0.00  0.00  0.00  0.00  0.00  1.00  1.00  0.00  0.00  0.00  0.00 153
 0.00  0.00  0.00  0.00  1.00  1.00  1.00  1.00  1.00  1.00  0.00  0.00 154
 0.00  0.00  0.00  0.00  0.00  0.00  0.00  0.00  0.00  1.00  1.00  1.00 155
 1.00  1.00  1.00  1.00  0.00  0.00  0.00  0.00  0.00  0.00  0.00  0.00 156
 0.50  0.87  1.00  0.87  0.50  0.00 -0.50 -0.86 -1.00 -0.87 -0.50 -0.00 157
-0.87 -1.00 -0.87 -0.50 -0.00  0.50  0.86  1.00  0.87  0.50  0.00 -0.50 158
 0.00  0.00  0.00  0.00  0.00  0.00  1.00  1.00  0.00  0.00  0.00  0.00 159
 0.00  0.00  0.00  0.00  1.00  1.00  1.00  1.00  1.00  1.00  0.00  0.00 160
 0.00  0.00  0.00  0.00  0.00  0.00  0.00  0.00  0.00  1.00  1.00  1.00 161
 1.00  1.00  1.00  1.00  0.00  0.00  0.00  0.00  0.00  0.00  0.00  0.00 162
 0.50  0.87  1.00  0.87  0.50  0.00 -0.50 -0.86 -1.00 -0.87 -0.50 -0.00 163
-0.87 -1.00 -0.87 -0.50 -0.00  0.50  0.86  1.00  0.87  0.50  0.00 -0.50 164
 0.00  0.00  0.00  0.00  0.00  0.00  1.00  1.00  0.00  0.00  0.00  0.00 165
 0.00  0.00  0.00  0.00  1.00  1.00  1.00  1.00  1.00  1.00  0.00  0.00 166
 0.00  0.00  0.00  0.00  0.00  0.00  0.00  0.00  0.00  1.00  1.00  1.00 167
 1.00  1.00  1.00  1.00  0.00  0.00  0.00  0.00  0.00  0.00  0.00  0.00 168
 0.50  0.87  1.00  0.87  0.50  0.00 -0.50 -0.86 -1.00 -0.87 -0.50 -0.00 169
-0.87 -1.00 -0.87 -0.50 -0.00  0.50  0.86  1.00  0.87  0.50  0.00 -0.50 170
 0.00  0.00  0.00  0.00  0.00  0.00  1.00  1.00  0.00  0.00  0.00  0.00 171
 0.00  0.00  0.00  0.00  1.00  1.00  1.00  1.00  1.00  1.00  0.00  0.00 172
 0.00  0.00  0.00  0.00  0.00  0.00  0.00  0.00  0.00  1.00  1.00  1.00 173
 1.00  1.00  1.00  1.00  0.00  0.00  0.00  0.00  0.00  0.00  0.00  0.00 174
 0.50  0.87  1.00  0.87  0.50  0.00 -0.50 -0.86 -1.00 -0.87 -0.50 -0.00 175
-0.87 -1.00 -0.87 -0.50 -0.00  0.50  0.86  1.00  0.87  0.50  0.00 -0.50 176
 0.00  0.00  0.00  0.00  0.00  0.00  1.00  1.00  0.00  0.00  0.00  0.00 177
 0.00  0.00  0.00  0.00  1.00  1.00  1.00  1.00  1.00  1.00  0.00  0.00 178
 0.00  0.00  0.00  0.00  0.00  0.00  0.00  0.00  0.00  1.00  1.00  1.00 179
 1.00  1.00  1.00  1.00  0.00  0.00  0.00  0.00  0.00  0.00  0.00  0.00 180
 0.50  0.87  1.00  0.87  0.50  0.00 -0.50 -0.86 -1.00 -0.87 -0.50 -0.00 181
-0.87 -1.00 -0.87 -0.50 -0.00  0.50  0.86  1.00  0.87  0.50  0.00 -0.50 182
 0.00  0.00  0.00  0.00  0.00  0.00  1.00  1.00  0.00  0.00  0.00  0.00 183
 0.00  0.00  0.00  0.00  1.00  1.00  1.00  1.00  1.00  1.00  0.00  0.00 184
 0.00  0.00  0.00  0.00  0.00  0.00  0.00  0.00  0.00  1.00  1.00  1.00 185
 1.00  1.00  1.00  1.00  0.00  0.00  0.00  0.00  0.00  0.00  0.00  0.00 186
 0.50  0.87  1.00  0.87  0.50  0.00 -0.50 -0.86 -1.00 -0.87 -0.50 -0.00 187
-0.87 -1.00 -0.87 -0.50 -0.00  0.50  0.86  1.00  0.87  0.50  0.00 -0.50 188
 0.00  0.00  0.00  0.00  0.00  0.00  1.00  1.00  0.00  0.00  0.00  0.00 189
 0.00  0.00  0.00  0.00  1.00  1.00  1.00  1.00  1.00  1.00  0.00  0.00 190
 0.00  0.00  0.00  0.00  0.00  0.00  0.00  0.00  0.00  1.00  1.00  1.00 191
 1.00  1.00  1.00  1.00  0.00  0.00  0.00  0.00  0.00  0.00  0.00  0.00 192
 0.50  0.87  1.00  0.87  0.50  0.00 -0.50 -0.86 -1.00 -0.87 -0.50 -0.00 193
-0.87 -1.00 -0.87 -0.50 -0.00  0.50  0.86  1.00  0.87  0.50  0.00 -0.50 194
 0.00  0.00  0.00  0.00  0.00  0.00  1.00  1.00  0.00  0.00  0.00  0.00 195
 0.00  0.00  0.00  0.00  1.00  1.00  1.00  1.00  1.00  1.00  0.00  0.00 196
 0.00  0.00  0.00  0.00  0.00  0.00  0.00  0.00  0.00  1.00  1.00  1.00 197
 1.00  1.00  1.00  1.00  0.00  0.00  0.00  0.00  0.00  0.00  0.00  0.00 198
 0.50  0.87  1.00  0.87  0.50  0.00 -0.50 -0.86 -1.00 -0.87 -0.50 -0.00 199
-0.87 -1.00 -0.87 -0.50 -0.00  0.50  0.86  1.00  0.87  0.50  0.00 -0.50 200
 0.00  0.00  0.00  0.00  0.00  0.00  1.00  1.00  0.00  0.00  0.00  0.00 201
 0.00  0.00  0.00  0.00  1.00  1.00  1.00  1.00  1.00  1.00  0.00  0.00 202
 0.00  0.00  0.00  0.00  0.00  0.00  0.00  0.00  0.00  1.00  1.00  1.00 203
 1.00  1.00  1.00  1.00  0.00  0.00  0.00  0.00  0.00  0.00  0.00  0.00 204
 0.50  0.87  1.00  0.87  0.50  0.00 -0.50 -0.86 -1.00 -0.87 -0.50 -0.00 205
-0.87 -1.00 -0.87 -0.50 -0.00  0.50  0.86  1.00  0.87  0.50  0.00 -0.50 206
 0.00  0.00  0.00  0.00  0.00  0.00  1.00  1.00  0.00  0.00  0.00  0.00 207
 0.00  0.00  0.00  0.00  1.00  1.00  1.00  1.00  1.00  1.00  0.00  0.00 208
 0.00  0.00  0.00  0.00  0.00  0.00  0.00  0.00  0.00  1.00  1.00  1.00 209
 1.00  1.00  1.00  1.00  0.00  0.00  0.00  0.00  0.00  0.00  0.00  0.00 210
 0.50  0.87  1.00  0.87  0.50  0.00 -0.50 -0.86 -1.00 -0.87 -0.50 -0.00 211
-0.87 -1.00 -0.87 -0.50 -0.00  0.50  0.86  1.00  0.87  0.50  0.00 -0.50 212
 0.00  0.00  0.00  0.00  0.00  0.00  1.00  1.00  0.00  0.00  0.00  0.00 213
 0.00  0.00  0.00  0.00  1.00  1.00  1.00  1.00  1.00  1.00  0.00  0.00 214
 0.00  0.00  0.00  0.00  0.00  0.00  0.00  0.00  0.00  1.00  1.00  1.00 215
 1.00  1.00  1.00  1.00  0.00  0.00  0.00  0.00  0.00  0.00  0.00  0.00 216
 0.50  0.87  1.00  0.87  0.50  0.00 -0.50 -0.86 -1.00 -0.87 -0.50 -0.00 217
-0.87 -1.00 -0.87 -0.50 -0.00  0.50  0.86  1.00  0.87  0.50  0.00 -0.50 218
 0.00  0.00  0.00  0.00  0.00  0.00  1.00  1.00  0.00  0.00  0.00  0.00 219
 0.00  0.00  0.00  0.00  1.00  1.00  1.00  1.00  1.00  1.00  0.00  0.00 220
 0.00  0.00  0.00  0.00  0.00  0.00  0.00  0.00  0.00  1.00  1.00  1.00 221
 1.00  1.00  1.00  1.00  0.00  0.00  0.00  0.00  0.00  0.00  0.00  0.00 222
 0.50  0.87  1.00  0.87  0.50  0.00 -0.50 -0.86 -1.00 -0.87 -0.50 -0.00 223
-0.87 -1.00 -0.87 -0.50 -0.00  0.50  0.86  1.00  0.87  0.50  0.00 -0.50 224
 0.00  0.00  0.00  0.00  0.00  0.00  1.00  1.00  0.00  0.00  0.00  0.00 225
 0.00  0.00  0.00  0.00  1.00  1.00  1.00  1.00  1.00  1.00  0.00  0.00 226
 0.00  0.00  0.00  0.00  0.00  0.00  0.00  0.00  0.00  1.00  1.00  1.00 227
 1.00  1.00  1.00  1.00  0.00  0.00  0.00  0.00  0.00  0.00  0.00  0.00 228
 0.50  0.87  1.00  0.87  0.50  0.00 -0.50 -0.86 -1.00 -0.87 -0.50 -0.00 229
-0.87 -1.00 -0.87 -0.50 -0.00  0.50  0.86  1.00  0.87  0.50  0.00 -0.50 230
 0.00  0.00  0.00  0.00  0.00  0.00  1.00  1.00  0.00  0.00  0.00  0.00 231
 0.00  0.00  0.00  0.00  1.00  1.00  1.00  1.00  1.00  1.00  0.00  0.00 232
 0.00  0.00  0.00  0.00  0.00  0.00  0.00  0.00  0.00  1.00  1.00  1.00 233
 1.00  1.00  1.00  1.00  0.00  0.00  0.00  0.00  0.00  0.00  0.00  0.00 234
 0.50  0.87  1.00  0.87  0.50  0.00 -0.50 -0.86 -1.00 -0.87 -0.50 -0.00 235
-0.87 -1.00 -0.87 -0.50 -0.00  0.50  0.86  1.00  0.87  0.50  0.00 -0.50 236
 0.00  0.00  0.00  0.00  0.00  0.00  1.00  1.00  0.00  0.00  0.00  0.00 237
 0.00  0.00  0.00  0.00  1.00  1.00  1.00  1.00  1.00  1.00  0.00  0.00 238
 0.00  0.00  0.00  0.00  0.00  0.00  0.00  0.00  0.00  1.00  1.00  1.00 239
 1.00  1.00  1.00  1.00  0.00  0.00  0.00  0.00  0.00  0.00  0.00  0.00 240
 0.50  0.87  1.00  0.87  0.50  0.00 -0.50 -0.86 -1.00 -0.87 -0.50 -0.00 241
-0.87 -1.00 -0.87 -0.50 -0.00  0.50  0.86  1.00  0.87  0.50  0.00 -0.50 242
 0.00  0.00  0.00  0.00  0.00  0.00  1.00  1.00  0.00  0.00  0.00  0.00 243
 0.00  0.00  0.00  0.00  1.00  1.00  1.00  1.00  1.00  1.00  0.00  0.00 244
 0.00  0.00  0.00  0.00  0.00  0.00  0.00  0.00  0.00  1.00  1.00  1.00 245
 1.00  1.00  1.00  1.00  0.00  0.00  0.00  0.00  0.00  0.00  0.00  0.00 246
 0.50  0.87  1.00  0.87  0.50  0.00 -0.50 -0.86 -1.00 -0.87 -0.50 -0.00 247
-0.87 -1.00 -0.87 -0.50 -0.00  0.50  0.86  1.00  0.87  0.50  0.00 -0.50 248
 0.00  0.00  0.00  0.00  0.00  0.00  1.00  1.00  0.00  0.00  0.00  0.00 249
 0.00  0.00  0.00  0.00  1.00  1.00  1.00  1.00  1.00  1.00  0.00  0.00 250
 0.00  0.00  0.00  0.00  0.00  0.00  0.00  0.00  0.00  1.00  1.00  1.00 251
 1.00  1.00  1.00  1.00  0.00  0.00  0.00  0.00  0.00  0.00  0.00  0.00 252
 0.50  0.87  1.00  0.87  0.50  0.00 -0.50 -0.86 -1.00 -0.87 -0.50 -0.00 253
-0.87 -1.00 -0.87 -0.50 -0.00  0.50  0.86  1.00  0.87  0.50  0.00 -0.50 254
 0.00  0.00  0.00  0.00  0.00  0.00  1.00  1.00  0.00  0.00  0.00  0.00 255
 0.00  0.00  0.00  0.00  1.00  1.00  1.00  1.00  1.00  1.00  0.00  0.00 256
 0.00  0.00  0.00  0.00  0.00  0.00  0.00  0.00  0.00  1.00  1.00  1.00 257
 1.00  1.00  1.00  1.00  0.00  0.00  0.00  0.00  0.00  0.00  0.00  0.00 258
 0.50  0.87  1.00  0.87  0.50  0.00 -0.50 -0.86 -1.00 -0.87 -0.50 -0.00 259
-0.87 -1.00 -0.87 -0.50 -0.00  0.50  0.86  1.00  0.87  0.50  0.00 -0.50 260
 0.00  0.00  0.00  0.00  0.00  0.00  1.00  1.00  0.00  0.00  0.00  0.00 261
 0.00  0.00  0.00  0.00  1.00  1.00  1.00  1.00  1.00  1.00  0.00  0.00 262
 0.00  0.00  0.00  0.00  0.00  0.00  0.00  0.00  0.00  1.00  1.00  1.00 263
 1.00  1.00  1.00  1.00  0.00  0.00  0.00  0.00  0.00  0.00  0.00  0.00 264
 0.50  0.87  1.00  0.87  0.50  0.00 -0.50 -0.86 -1.00 -0.87 -0.50 -0.00 265
-0.87 -1.00 -0.87 -0.50 -0.00  0.50  0.86  1.00  0.87  0.50  0.00 -0.50 266
 0.00  0.00  0.00  0.00  0.00  0.00  1.00  1.00  0.00  0.00  0.00  0.00 267
 0.00  0.00  0.00  0.00  1.00  1.00  1.00  1.00  1.00  1.00  0.00  0.00 268
 0.00  0.00  0.00  0.00  0.00  0.00  0.00  0.00  0.00  1.00  1.00  1.00 269
 1.00  1.00  1.00  1.00  0.00  0.00  0.00  0.00  0.00  0.00  0.00  0.00 270
 0.50  0.87  1.00  0.87  0.50  0.00 -0.50 -0.86 -1.00 -0.87 -0.50 -0.00 271
-0.87 -1.00 -0.87 -0.50 -0.00  0.50  0.86  1.00  0.87  0.50  0.00 -0.50 272
 0.00  0.00  0.00  0.00  0.00  0.00  1.00  1.00  0.00  0.00  0.00  0.00 273
 0.00  0.00  0.00  0.00  1.00  1.00  1.00  1.00  1.00  1.00  0.00  0.00 274
 0.00  0.00  0.00  0.00  0.00  0.00  0.00  0.00  0.00  1.00  1.00  1.00 275
 1.00  1.00  1.00  1.00  0.00  0.00  0.00  0.00  0.00  0.00  0.00  0.00 276
 0.50  0.87  1.00  0.87  0.50  0.00 -0.50 -0.86 -1.00 -0.87 -0.50 -0.00 277
-0.87 -1.00 -0.87 -0.50 -0.00  0.50  0.86  1.00  0.87  0.50  0.00 -0.50 278
 0.00  0.00  0.00  0.00  0.00  0.00  1.00  1.00  0.00  0.00  0.00  0.00 279
 0.00  0.00  0.00  0.00  1.00  1.00  1.00  1.00  1.00  1.00  0.00  0.00 280
 0.00  0.00  0.00  0.00  0.00  0.00  0.00  0.00  0.00  1.00  1.00  1.00 281
 1.00  1.00  1.00  1.00  0.00  0.00  0.00  0.00  0.00  0.00  0.00  0.00 282
 0.50  0.87  1.00  0.87  0.50  0.00 -0.50 -0.86 -1.00 -0.87 -0.50 -0.00 283
-0.87 -1.00 -0.87 -0.50 -0.00  0.50  0.86  1.00  0.87  0.50  0.00 -0.50 284
 0.00  0.00  0.00  0.00  0.00  0.00  1.00  1.00  0.00  0.00  0.00  0.00 285
 0.00  0.00  0.00  0.00  1.00  1.00  1.00  1.00  1.00  1.00  0.00  0.00 286
 0.00  0.00  0.00  0.00  0.00  0.00  0.00  0.00  0.00  1.00  1.00  1.00 287
 1.00  1.00  1.00  1.00  0.00  0.00  0.00  0.00  0.00  0.00  0.00  0.00 288
 0.50  0.87  1.00  0.87  0.50  0.00 -0.50 -0.86 -1.00 -0.87 -0.50 -0.00 289
-0.87 -1.00 -0.87 -0.50 -0.00  0.50  0.86  1.00  0.87  0.50  0.00 -0.50 290
 0.00  0.00  0.00  0.00  0.00  0.00  1.00  1.00  0.00  0.00  0.00  0.00 291
 0.00  0.00  0.00  0.00  1.00  1.00  1.00  1.00  1.00  1.00  0.00  0.00 292
 0.00  0.00  0.00  0.00  0.00  0.00  0.00  0.00  0.00  1.00  1.00  1.00 293
 1.00  1.00  1.00  1.00  0.00  0.00  0.00  0.00  0.00  0.00  0.00  0.00 294
 0.50  0.87  1.00  0.87  0.50  0.00 -0.50 -0.86 -1.00 -0.87 -0.50 -0.00 295
-0.87 -1.00 -0.87 -0.50 -0.00  0.50  0.86  1.00  0.87  0.50  0.00 -0.50 296
 0.00  0.00  0.00  0.00  0.00  0.00  1.00  1.00  0.00  0.00  0.00  0.00 297
 0.00  0.00  0.00  0.00  1.00  1.00  1.00  1.00  1.00  1.00  0.00  0.00 298
 0.00  0.00  0.00  0.00  0.00  0.00  0.00  0.00  0.00  1.00  1.00  1.00 299
 1.00  1.00  1.00  1.00  0.00  0.00  0.00  0.00  0.00  0.00  0.00  0.00 300
 0.50  0.87  1.00  0.87  0.50  0.00 -0.50 -0.86 -1.00 -0.87 -0.50 -0.00 301
-0.87 -1.00 -0.87 -0.50 -0.00  0.50  0.86  1.00  0.87  0.50  0.00 -0.50 302
 0.00  0.00  0.00  0.00  0.00  0.00  1.00  1.00  0.00  0.00  0.00  0.00 303
 0.00  0.00  0.00  0.00  1.00  1.00  1.00  1.00  1.00  1.00  0.00  0.00 304
 0.00  0.00  0.00  0.00  0.00  0.00  0.00  0.00  0.00  1.00  1.00  1.00 305
 1.00  1.00  1.00  1.00  0.00  0.00  0.00  0.00  0.00  0.00  0.00  0.00 306
 0.50  0.87  1.00  0.87  0.50  0.00 -0.50 -0.86 -1.00 -0.87 -0.50 -0.00 307
-0.87 -1.00 -0.87 -0.50 -0.00  0.50  0.86  1.00  0.87  0.50  0.00 -0.50 308
 0.00  0.00  0.00  0.00  0.00  0.00  1.00  1.00  0.00  0.00  0.00  0.00 309
 0.00  0.00  0.00  0.00  1.00  1.00  1.00  1.00  1.00  1.00  0.00  0.00 310
 0.00  0.00  0.00  0.00  0.00  0.00  0.00  0.00  0.00  1.00  1.00  1.00 311
 1.00  1.00  1.00  1.00  0.00  0.00  0.00  0.00  0.00  0.00  0.00  0.00 312
 0.50  0.87  1.00  0.87  0.50  0.00 -0.50 -0.86 -1.00 -0.87 -0.50 -0.00 313
-0.87 -1.00 -0.87 -0.50 -0.00  0.50  0.86  1.00  0.87  0.50  0.00 -0.50 314
 0.00  0.00  0.00  0.00  0.00  0.00  1.00  1.00  0.00  0.00  0.00  0.00 315
 0.00  0.00  0.00  0.00  1.00  1.00  1.00  1.00  1.00  1.00  0.00  0.00 316
 0.00  0.00  0.00  0.00  0.00  0.00  0.00  0.00  0.00  1.00  1.00  1.00 317
 1.00  1.00  1.00  1.00  0.00  0.00  0.00  0.00  0.00  0.00  0.00  0.00 318
 0.50  0.87  1.00  0.87  0.50  0.00 -0.50 -0.86 -1.00 -0.87 -0.50 -0.00 319
-0.87 -1.00 -0.87 -0.50 -0.00  0.50  0.86  1.00  0.87  0.50  0.00 -0.50 320
 0.00  0.00  0.00  0.00  0.00  0.00  1.00  1.00  0.00  0.00  0.00  0.00 321
 0.00  0.00  0.00  0.00  1.00  1.00  1.00  1.00  1.00  1.00  0.00  0.00 322
 0.00  0.00  0.00  0.00  0.00  0.00  0.00  0.00  0.00  1.00  1.00  1.00 323
 1.00  1.00  1.00  1.00  0.00  0.00  0.00  0.00  0.00  0.00  0.00  0.00 324
 0.50  0.87  1.00  0.87  0.50  0.00 -0.50 -0.86 -1.00 -0.87 -0.50 -0.00 325
-0.87 -1.00 -0.87 -0.50 -0.00  0.50  0.86  1.00  0.87  0.50  0.00 -0.50 326
 0.00  0.00  0.00  0.00  0.00  0.00  1.00  1.00  0.00  0.00  0.00  0.00 327
 0.00  0.00  0.00  0.00  1.00  1.00  1.00  1.00  1.00  1.00  0.00  0.00 328
 0.00  0.00  0.00  0.00  0.00  0.00  0.00  0.00  0.00  1.00  1.00  1.00 329
 1.00  1.00  1.00  1.00  0.00  0.00  0.00  0.00  0.00  0.00  0.00  0.00 330
 0.50  0.87  1.00  0.87  0.50  0.00 -0.50 -0.86 -1.00 -0.87 -0.50 -0.00 331
-0.87 -1.00 -0.87 -0.50 -0.00  0.50  0.86  1.00  0.87  0.50  0.00 -0.50 332
 0.00  0.00  0.00  0.00  0.00  0.00  1.00  1.00  0.00  0.00  0.00  0.00 333
 0.00  0.00  0.00  0.00  1.00  1.00  1.00  1.00  1.00  1.00  0.00  0.00 334
 0.00  0.00  0.00  0.00  0.00  0.00  0.00  0.00  0.00  1.00  1.00  1.00 335
 1.00  1.00  1.00  1.00  0.00  0.00  0.00  0.00  0.00  0.00  0.00  0.00 336
 0.50  0.87  1.00  0.87  0.50  0.00 -0.50 -0.86 -1.00 -0.87 -0.50 -0.00 337
-0.87 -1.00 -0.87 -0.50 -0.00  0.50  0.86  1.00  0.87  0.50  0.00 -0.50 338
 0.00  0.00  0.00  0.00  0.00  0.00  1.00  1.00  0.00  0.00  0.00  0.00 339
 0.00  0.00  0.00  0.00  1.00  1.00  1.00  1.00  1.00  1.00  0.00  0.00 340
 0.00  0.00  0.00  0.00  0.00  0.00  0.00  0.00  0.00  1.00  1.00  1.00 341
 1.00  1.00  1.00  1.00  0.00  0.00  0.00  0.00  0.00  0.00  0.00  0.00 342
 0.50  0.87  1.00  0.87  0.50  0.00 -0.50 -0.86 -1.00 -0.87 -0.50 -0.00 343
-0.87 -1.00 -0.87 -0.50 -0.00  0.50  0.86  1.00  0.87  0.50  0.00 -0.50 344
 0.00  0.00  0.00  0.00  0.00  0.00  1.00  1.00  0.00  0.00  0.00  0.00 345
 0.00  0.00  0.00  0.00  1.00  1.00  1.00  1.00  1.00  1.00  0.00  0.00 346
 0.00  0.00  0.00  0.00  0.00  0.00  0.00  0.00  0.00  1.00  1.00  1.00 347
 1.00  1.00  1.00  1.00  0.00  0.00  0.00  0.00  0.00  0.00  0.00  0.00 348
 0.50  0.87  1.00  0.87  0.50  0.00 -0.50 -0.86 -1.00 -0.87 -0.50 -0.00 349
-0.87 -1.00 -0.87 -0.50 -0.00  0.50  0.86  1.00  0.87  0.50  0.00 -0.50 350
 0.00  0.00  0.00  0.00  0.00  0.00  1.00  1.00  0.00  0.00  0.00  0.00 351
 0.00  0.00  0.00  0.00  1.00  1.00  1.00  1.00  1.00  1.00  0.00  0.00 352
 0.00  0.00  0.00  0.00  0.00  0.00  0.00  0.00  0.00  1.00  1.00  1.00 353
 1.00  1.00  1.00  1.00  0.00  0.00  0.00  0.00  0.00  0.00  0.00  0.00 354
 0.50  0.87  1.00  0.87  0.50  0.00 -0.50 -0.86 -1.00 -0.87 -0.50 -0.00 355
-0.87 -1.00 -0.87 -0.50 -0.00  0.50  0.86  1.00  0.87  0.50  0.00 -0.50 356
 0.00  0.00  0.00  0.00  0.00  0.00  1.00  1.00  0.00  0.00  0.00  0.00 357
 0.00  0.00  0.00  0.00  1.00  1.00  1.00  1.00  1.00  1.00  0.00  0.00 358
 0.00  0.00  0.00  0.00  0.00  0.00  0.00  0.00  0.00  1.00  1.00  1.00 359
 1.00  1.00  1.00  1.00  0.00  0.00  0.00  0.00  0.00  0.00  0.00  0.00 360
 0.50  0.87  1.00  0.87  0.50  0.00 -0.50 -0.86 -1.00 -0.87 -0.50 -0.00 361
-0.87 -1.00 -0.87 -0.50 -0.00  0.50  0.86  1.00  0.87  0.50  0.00 -0.50 362
 0.00  0.00  0.00  0.00  0.00  0.00  1.00  1.00  0.00  0.00  0.00  0.00 363
 0.00  0.00  0.00  0.00  1.00  1.00  1.00  1.00  1.00  1.00  0.00  0.00 364
 0.00  0.00  0.00  0.00  0.00  0.00  0.00  0.00  0.00  1.00  1.00  1.00 365
 1.00  1.00  1.00  1.00  0.00  0.00  0.00  0.00  0.00  0.00  0.00  0.00 366
 0.50  0.87  1.00  0.87  0.50  0.00 -0.50 -0.86 -1.00 -0.87 -0.50 -0.00 367
-0.87 -1.00 -0.87 -0.50 -0.00  0.50  0.86  1.00  0.87  0.50  0.00 -0.50 368
 0.00  0.00  0.00  0.00  0.00  0.00  1.00  1.00  0.00  0.00  0.00  0.00 369
 0.00  0.00  0.00  0.00  1.00  1.00  1.00  1.00  1.00  1.00  0.00  0.00 370
 0.00  0.00  0.00  0.00  0.00  0.00  0.00  0.00  0.00  1.00  1.00  1.00 371
 1.00  1.00  1.00  1.00  0.00  0.00  0.00  0.00  0.00  0.00  0.00  0.00 372
 0.50  0.87  1.00  0.87  0.50  0.00 -0.50 -0.86 -1.00 -0.87 -0.50 -0.00 373
-0.87 -1.00 -0.87 -0.50 -0.00  0.50  0.86  1.00  0.87  0.50  0.00 -0.50 374
 0.00  0.00  0.00  0.00  0.00  0.00  1.00  1.00  0.00  0.00  0.00  0.00 375
 0.00  0.00  0.00  0.00  1.00  1.00  1.00  1.00  1.00  1.00  0.00  0.00 376
 0.00  0.00  0.00  0.00  0.00  0.00  0.00  0.00  0.00  1.00  1.00  1.00 377
 1.00  1.00  1.00  1.00  0.00  0.00  0.00  0.00  0.00  0.00  0.00  0.00 378
 0.50  0.87  1.00  0.87  0.50  0.00 -0.50 -0.86 -1.00 -0.87 -0.50 -0.00 379
-0.87 -1.00 -0.87 -0.50 -0.00  0.50  0.86  1.00  0.87  0.50  0.00 -0.50 380
 0.00  0.00  0.00  0.00  0.00  0.00  1.00  1.00  0.00  0.00  0.00  0.00 381
 0.00  0.00  0.00  0.00  1.00  1.00  1.00  1.00  1.00  1.00  0.00  0.00 382
 0.00  0.00  0.00  0.00  0.00  0.00  0.00  0.00  0.00  1.00  1.00  1.00 383
 1.00  1.00  1.00  1.00  0.00  0.00  0.00  0.00  0.00  0.00  0.00  0.00 384
 0.50  0.87  1.00  0.87  0.50  0.00 -0.50 -0.86 -1.00 -0.87 -0.50 -0.00 385
-0.87 -1.00 -0.87 -0.50 -0.00  0.50  0.86  1.00  0.87  0.50  0.00 -0.50 386
 0.00  0.00  0.00  0.00  0.00  0.00  1.00  1.00  0.00  0.00  0.00  0.00 387
 0.00  0.00  0.00  0.00  1.00  1.00  1.00  1.00  1.00  1.00  0.00  0.00 388
 0.00  0.00  0.00  0.00  0.00  0.00  0.00  0.00  0.00  1.00  1.00  1.00 389
 1.00  1.00  1.00  1.00  0.00  0.00  0.00  0.00  0.00  0.00  0.00  0.00 390
 0.50  0.87  1.00  0.87  0.50  0.00 -0.50 -0.86 -1.00 -0.87 -0.50 -0.00 391
-0.87 -1.00 -0.87 -0.50 -0.00  0.50  0.86  1.00  0.87  0.50  0.00 -0.50 392
 0.00  0.00  0.00  0.00  0.00  0.00  1.00  1.00  0.00  0.00  0.00  0.00 393
 0.00  0.00  0.00  0.00  1.00  1.00  1.00  1.00  1.00  1.00  0.00  0.00 394
 0.00  0.00  0.00  0.00  0.00  0.00  0.00  0.00  0.00  1.00  1.00  1.00 395
 1.00  1.00  1.00  1.00  0.00  0.00  0.00  0.00  0.00  0.00  0.00  0.00 396
 0.50  0.87  1.00  0.87  0.50  0.00 -0.50 -0.86 -1.00 -0.87 -0.50 -0.00 397
-0.87 -1.00 -0.87 -0.50 -0.00  0.50  0.86  1.00  0.87  0.50  0.00 -0.50 398
 0.00  0.00  0.00  0.00  0.00  0.00  1.00  1.00  0.00  0.00  0.00  0.00 399
 0.00  0.00  0.00  0.00  1.00  1.00  1.00  1.00  1.00  1.00  0.00  0.00 400
 0.00  0.00  0.00  0.00  0.00  0.00  0.00  0.00  0.00  1.00  1.00  1.00 401
 1.00  1.00  1.00  1.00  0.00  0.00  0.00  0.00  0.00  0.00  0.00  0.00 402
 0.50  0.87  1.00  0.87  0.50  0.00 -0.50 -0.86 -1.00 -0.87 -0.50 -0.00 403
-0.87 -1.00 -0.87 -0.50 -0.00  0.50  0.86  1.00  0.87  0.50  0.00 -0.50 404
 0.00  0.00  0.00  0.00  0.00  0.00  1.00  1.00  0.00  0.00  0.00  0.00 405
 0.00  0.00  0.00  0.00  1.00  1.00  1.00  1.00  1.00  1.00  0.00  0.00 406
 0.00  0.00  0.00  0.00  0.00  0.00  0.00  0.00  0.00  1.00  1.00  1.00 407
 1.00  1.00  1.00  1.00  0.00  0.00  0.00  0.00  0.00  0.00  0.00  0.00 408
 0.50  0.87  1.00  0.87  0.50  0.00 -0.50 -0.86 -1.00 -0.87 -0.50 -0.00 409
-0.87 -1.00 -0.87 -0.50 -0.00  0.50  0.86  1.00  0.87  0.50  0.00 -0.50 410
 0.00  0.00  0.00  0.00  0.00  0.00  1.00  1.00  0.00  0.00  0.00  0.00 411
 0.00  0.00  0.00  0.00  1.00  1.00  1.00  1.00  1.00  1.00  0.00  0.00 412
 0.00  0.00  0.00  0.00  0.00  0.00  0.00  0.00  0.00  1.00  1.00  1.00 413
 1.00  1.00  1.00  1.00  0.00  0.00  0.00  0.00  0.00  0.00  0.00  0.00 414
 0.50  0.87  1.00  0.87  0.50  0.00 -0.50 -0.86 -1.00 -0.87 -0.50 -0.00 415
-0.87 -1.00 -0.87 -0.50 -0.00  0.50  0.86  1.00  0.87  0.50  0.00 -0.50 416
 0.00  0.00  0.00  0.00  0.00  0.00  1.00  1.00  0.00  0.00  0.00  0.00 417
 0.00  0.00  0.00  0.00  1.00  1.00  1.00  1.00  1.00  1.00  0.00  0.00 418
 0.00  0.00  0.00  0.00  0.00  0.00  0.00  0.00  0.00  1.00  1.00  1.00 419
 1.00  1.00  1.00  1.00  0.00  0.00  0.00  0.00  0.00  0.00  0.00  0.00 420
 0.50  0.87  1.00  0.87  0.50  0.00 -0.50 -0.86 -1.00 -0.87 -0.50 -0.00 421
-0.87 -1.00 -0.87 -0.50 -0.00  0.50  0.86  1.00  0.87  0.50  0.00 -0.50 422
 0.00  0.00  0.00  0.00  0.00  0.00  1.00  1.00  0.00  0.00  0.00  0.00 423
 0.00  0.00  0.00  0.00  1.00  1.00  1.00  1.00  1.00  1.00  0.00  0.00 424
 0.00  0.00  0.00  0.00  0.00  0.00  0.00  0.00  0.00  1.00  1.00  1.00 425
 1.00  1.00  1.00  1.00  0.00  0.00  0.00  0.00  0.00  0.00  0.00  0.00 426
 0.50  0.87  1.00  0.87  0.50  0.00 -0.50 -0.86 -1.00 -0.87 -0.50 -0.00 427
-0.87 -1.00 -0.87 -0.50 -0.00  0.50  0.86  1.00  0.87  0.50  0.00 -0.50 428
 0.00  0.00  0.00  0.00  0.00  0.00  1.00  1.00  0.00  0.00  0.00  0.00 429
 0.00  0.00  0.00  0.00  1.00  1.00  1.00  1.00  1.00  1.00  0.00  0.00 430
 0.00  0.00  0.00  0.00  0.00  0.00  0.00  0.00  0.00  1.00  1.00  1.00 431
 1.00  1.00  1.00  1.00  0.00  0.00  0.00  0.00  0.00  0.00  0.00  0.00 432
 0.50  0.87  1.00  0.87  0.50  0.00 -0.50 -0.86 -1.00 -0.87 -0.50 -0.00 433
-0.87 -1.00 -0.87 -0.50 -0.00  0.50  0.86  1.00  0.87  0.50  0.00 -0.50 434
 0.00  0.00  0.00  0.00  0.00  0.00  1.00  1.00  0.00  0.00  0.00  0.00 435
 0.00  0.00  0.00  0.00  1.00  1.00  1.00  1.00  1.00  1.00  0.00  0.00 436
 0.00  0.00  0.00  0.00  0.00  0.00  0.00  0.00  0.00  1.00  1.00  1.00 437
 1.00  1.00  1.00  1.00  0.00  0.00  0.00  0.00  0.00  0.00  0.00  0.00 438
 0.50  0.87  1.00  0.87  0.50  0.00 -0.50 -0.86 -1.00 -0.87 -0.50 -0.00 439
-0.87 -1.00 -0.87 -0.50 -0.00  0.50  0.86  1.00  0.87  0.50  0.00 -0.50 440
 0.00  0.00  0.00  0.00  0.00  0.00  1.00  1.00  0.00  0.00  0.00  0.00 441
 0.00  0.00  0.00  0.00  1.00  1.00  1.00  1.00  1.00  1.00  0.00  0.00 442
 0.00  0.00  0.00  0.00  0.00  0.00  0.00  0.00  0.00  1.00  1.00  1.00 443
 1.00  1.00  1.00  1.00  0.00  0.00  0.00  0.00  0.00  0.00  0.00  0.00 444
 0.50  0.87  1.00  0.87  0.50  0.00 -0.50 -0.86 -1.00 -0.87 -0.50 -0.00 445
-0.87 -1.00 -0.87 -0.50 -0.00  0.50  0.86  1.00  0.87  0.50  0.00 -0.50 446
 0.00  0.00  0.00  0.00  0.00  0.00  1.00  1.00  0.00  0.00  0.00  0.00 447
 0.00  0.00  0.00  0.00  1.00  1.00  1.00  1.00  1.00  1.00  0.00  0.00 448
 0.00  0.00  0.00  0.00  0.00  0.00  0.00  0.00  0.00  1.00  1.00  1.00 449
 1.00  1.00  1.00  1.00  0.00  0.00  0.00  0.00  0.00  0.00  0.00  0.00 450
 0.50  0.87  1.00  0.87  0.50  0.00 -0.50 -0.86 -1.00 -0.87 -0.50 -0.00 451
-0.87 -1.00 -0.87 -0.50 -0.00  0.50  0.86  1.00  0.87  0.50  0.00 -0.50 452
 0.00  0.00  0.00  0.00  0.00  0.00  1.00  1.00  0.00  0.00  0.00  0.00 453
 0.00  0.00  0.00  0.00  1.00  1.00  1.00  1.00  1.00  1.00  0.00  0.00 454
 0.00  0.00  0.00  0.00  0.00  0.00  0.00  0.00  0.00  1.00  1.00  1.00 455
 1.00  1.00  1.00  1.00  0.00  0.00  0.00  0.00  0.00  0.00  0.00  0.00 456
 0.50  0.87  1.00  0.87  0.50  0.00 -0.50 -0.86 -1.00 -0.87 -0.50 -0.00 457
-0.87 -1.00 -0.87 -0.50 -0.00  0.50  0.86  1.00  0.87  0.50  0.00 -0.50 458
 0.00  0.00  0.00  0.00  0.00  0.00  1.00  1.00  0.00  0.00  0.00  0.00 459
 0.00  0.00  0.00  0.00  1.00  1.00  1.00  1.00  1.00  1.00  0.00  0.00 460
 0.00  0.00  0.00  0.00  0.00  0.00  0.00  0.00  0.00  1.00  1.00  1.00 461
 1.00  1.00  1.00  1.00  0.00  0.00  0.00  0.00  0.00  0.00  0.00  0.00 462
 0.50  0.87  1.00  0.87  0.50  0.00 -0.50 -0.86 -1.00 -0.87 -0.50 -0.00 463
-0.87 -1.00 -0.87 -0.50 -0.00  0.50  0.86  1.00  0.87  0.50  0.00 -0.50 464
 0.00  0.00  0.00  0.00  0.00  0.00  1.00  1.00  0.00  0.00  0.00  0.00 465
 0.00  0.00  0.00  0.00  1.00  1.00  1.00  1.00  1.00  1.00  0.00  0.00 466
 0.00  0.00  0.00  0.00  0.00  0.00  0.00  0.00  0.00  1.00  1.00  1.00 467
 1.00  1.00  1.00  1.00  0.00  0.00  0.00  0.00  0.00  0.00  0.00  0.00 468
 0.50  0.87  1.00  0.87  0.50  0.00 -0.50 -0.86 -1.00 -0.87 -0.50 -0.00 469
-0.87 -1.00 -0.87 -0.50 -0.00  0.50  0.86  1.00  0.87  0.50  0.00 -0.50 470
 0.00  0.00  0.00  0.00  0.00  0.00  1.00  1.00  0.00  0.00  0.00  0.00 471
 0.00  0.00  0.00  0.00  1.00  1.00  1.00  1.00  1.00  1.00  0.00  0.00 472
 0.00  0.00  0.00  0.00  0.00  0.00  0.00  0.00  0.00  1.00  1.00  1.00 473
 1.00  1.00  1.00  1.00  0.00  0.00  0.00  0.00  0.00  0.00  0.00  0.00 474
 0.50  0.87  1.00  0.87  0.50  0.00 -0.50 -0.86 -1.00 -0.87 -0.50 -0.00 475
-0.87 -1.00 -0.87 -0.50 -0.00  0.50  0.86  1.00  0.87  0.50  0.00 -0.50 476
 0.00  0.00  0.00  0.00  0.00  0.00  1.00  1.00  0.00  0.00  0.00  0.00 477
 0.00  0.00  0.00  0.00  1.00  1.00  1.00  1.00  1.00  1.00  0.00  0.00 478
 0.00  0.00  0.00  0.00  0.00  0.00  0.00  0.00  0.00  1.00  1.00  1.00 479
 1.00  1.00  1.00  1.00  0.00  0.00  0.00  0.00  0.00  0.00  0.00  0.00 480
 0.50  0.87  1.00  0.87  0.50  0.00 -0.50 -0.86 -1.00 -0.87 -0.50 -0.00 481
-0.87 -1.00 -0.87 -0.50 -0.00  0.50  0.86  1.00  0.87  0.50  0.00 -0.50 482
 0.00  0.00  0.00  0.00  0.00  0.00  1.00  1.00  0.00  0.00  0.00  0.00 483
 0.00  0.00  0.00  0.00  1.00  1.00  1.00  1.00  1.00  1.00  0.00  0.00 484
 0.00  0.00  0.00  0.00  0.00  0.00  0.00  0.00  0.00  1.00  1.00  1.00 485
 1.00  1.00  1.00  1.00  0.00  0.00  0.00  0.00  0.00  0.00  0.00  0.00 486
 0.50  0.87  1.00  0.87  0.50  0.00 -0.50 -0.86 -1.00 -0.87 -0.50 -0.00 487
-0.87 -1.00 -0.87 -0.50 -0.00  0.50  0.86  1.00  0.87  0.50  0.00 -0.50 488
 0.00  0.00  0.00  0.00  0.00  0.00  1.00  1.00  0.00  0.00  0.00  0.00 489
 0.00  0.00  0.00  0.00  1.00  1.00  1.00  1.00  1.00  1.00  0.00  0.00 490
 0.00  0.00  0.00  0.00  0.00  0.00  0.00  0.00  0.00  1.00  1.00  1.00 491
 1.00  1.00  1.00  1.00  0.00  0.00  0.00  0.00  0.00  0.00  0.00  0.00 492
 0.50  0.87  1.00  0.87  0.50  0.00 -0.50 -0.86 -1.00 -0.87 -0.50 -0.00 493
-0.87 -1.00 -0.87 -0.50 -0.00  0.50  0.86  1.00  0.87  0.50  0.00 -0.50 494
 0.00  0.00  0.00  0.00  0.00  0.00  1.00  1.00  0.00  0.00  0.00  0.00 495
 0.00  0.00  0.00  0.00  1.00  1.00  1.00  1.00  1.00  1.00  0.00  0.00 496
 0.00  0.00  0.00  0.00  0.00  0.00  0.00  0.00  0.00  1.00  1.00  1.00 497
 1.00  1.00  1.00  1.00  0.00  0.00  0.00  0.00  0.00  0.00  0.00  0.00 498
 0.50  0.87  1.00  0.87  0.50  0.00 -0.50 -0.86 -1.00 -0.87 -0.50 -0.00 499
-0.87 -1.00 -0.87 -0.50 -0.00  0.50  0.86  1.00  0.87  0.50  0.00 -0.50 500
 0.00  0.00  0.00  0.00  0.00  0.00  1.00  1.00  0.00  0.00  0.00  0.00 501
 0.00  0.00  0.00  0.00  1.00  1.00  1.00  1.00  1.00  1.00  0.00  0.00 502
 0.00  0.00  0.00  0.00  0.00  0.00  0.00  0.00  0.00  1.00  1.00  1.00 503
 1.00  1.00  1.00  1.00  0.00  0.00  0.00  0.00  0.00  0.00  0.00  0.00 504
 0.50  0.87  1.00  0.87  0.50  0.00 -0.50 -0.86 -1.00 -0.87 -0.50 -0.00 505
-0.87 -1.00 -0.87 -0.50 -0.00  0.50  0.86  1.00  0.87  0.50  0.00 -0.50 506
 0.00  0.00  0.00  0.00  0.00  0.00  1.00  1.00  0.00  0.00  0.00  0.00 507
 0.00  0.00  0.00  0.00  1.00  1.00  1.00  1.00  1.00  1.00  0.00  0.00 508
 0.00  0.00  0.00  0.00  0.00  0.00  0.00  0.00  0.00  1.00  1.00  1.00 509
 1.00  1.00  1.00  1.00  0.00  0.00  0.00  0.00  0.00  0.00  0.00  0.00 510
 0.50  0.87  1.00  0.87  0.50  0.00 -0.50 -0.86 -1.00 -0.87 -0.50 -0.00 511
-0.87 -1.00 -0.87 -0.50 -0.00  0.50  0.86  1.00  0.87  0.50  0.00 -0.50 512
 0.00  0.00  0.00  0.00  0.00  0.00  1.00  1.00  0.00  0.00  0.00  0.00 513
 0.00  0.00  0.00  0.00  1.00  1.00  1.00  1.00  1.00  1.00  0.00  0.00 514
 0.00  0.00  0.00  0.00  0.00  0.00  0.00  0.00  0.00  1.00  1.00  1.00 515
 1.00  1.00  1.00  1.00  0.00  0.00  0.00  0.00  0.00  0.00  0.00  0.00 516
 0.50  0.87  1.00  0.87  0.50  0.00 -0.50 -0.86 -1.00 -0.87 -0.50 -0.00 517
-0.87 -1.00 -0.87 -0.50 -0.00  0.50  0.86  1.00  0.87  0.50  0.00 -0.50 518
 0.00  0.00  0.00  0.00  0.00  0.00  1.00  1.00  0.00  0.00  0.00  0.00 519
 0.00  0.00  0.00  0.00  1.00  1.00  1.00  1.00  1.00  1.00  0.00  0.00 520
 0.00  0.00  0.00  0.00  0.00  0.00  0.00  0.00  0.00  1.00  1.00  1.00 521
 1.00  1.00  1.00  1.00  0.00  0.00  0.00  0.00  0.00  0.00  0.00  0.00 522
 0.50  0.87  1.00  0.87  0.50  0.00 -0.50 -0.86 -1.00 -0.87 -0.50 -0.00 523
-0.87 -1.00 -0.87 -0.50 -0.00  0.50  0.86  1.00  0.87  0.50  0.00 -0.50 524
 0.00  0.00  0.00  0.00  0.00  0.00  1.00  1.00  0.00  0.00  0.00  0.00 525
 0.00  0.00  0.00  0.00  1.00  1.00  1.00  1.00  1.00  1.00  0.00  0.00 526
 0.00  0.00  0.00  0.00  0.00  0.00  0.00  0.00  0.00  1.00  1.00  1.00 527
 1.00  1.00  1.00  1.00  0.00  0.00  0.00  0.00  0.00  0.00  0.00  0.00 528
 0.50  0.87  1.00  0.87  0.50  0.00 -0.50 -0.86 -1.00 -0.87 -0.50 -0.00 529
-0.87 -1.00 -0.87 -0.50 -0.00  0.50  0.86  1.00  0.87  0.50  0.00 -0.50 530
 0.00  0.00  0.00  0.00  0.00  0.00  1.00  1.00  0.00  0.00  0.00  0.00 531
 0.00  0.00  0.00  0.00  1.00  1.00  1.00  1.00  1.00  1.00  0.00  0.00 532
 0.00  0.00  0.00  0.00  0.00  0.00  0.00  0.00  0.00  1.00  1.00  1.00 533
 1.00  1.00  1.00  1.00  0.00  0.00  0.00  0.00  0.00  0.00  0.00  0.00 534
 0.50  0.87  1.00  0.87  0.50  0.00 -0.50 -0.86 -1.00 -0.87 -0.50 -0.00 535
-0.87 -1.00 -0.87 -0.50 -0.00  0.50  0.86  1.00  0.87  0.50  0.00 -0.50 536
 0.00  0.00  0.00  0.00  0.00  0.00  1.00  1.00  0.00  0.00  0.00  0.00 537
 0.00  0.00  0.00  0.00  1.00  1.00  1.00  1.00  1.00  1.00  0.00  0.00 538
 0.00  0.00  0.00  0.00  0.00  0.00  0.00  0.00  0.00  1.00  1.00  1.00 539
 1.00  1.00  1.00  1.00  0.00  0.00  0.00  0.00  0.00  0.00  0.00  0.00 540
 0.50  0.87  1.00  0.87  0.50  0.00 -0.50 -0.86 -1.00 -0.87 -0.50 -0.00 541
-0.87 -1.00 -0.87 -0.50 -0.00  0.50  0.86  1.00  0.87  0.50  0.00 -0.50 542
 0.00  0.00  0.00  0.00  0.00  0.00  1.00  1.00  0.00  0.00  0.00  0.00 543
 0.00  0.00  0.00  0.00  1.00  1.00  1.00  1.00  1.00  1.00  0.00  0.00 544
 0.00  0.00  0.00  0.00  0.00  0.00  0.00  0.00  0.00  1.00  1.00  1.00 545
 1.00  1.00  1.00  1.00  0.00  0.00  0.00  0.00  0.00  0.00  0.00  0.00 546
 0.50  0.87  1.00  0.87  0.50  0.00 -0.50 -0.86 -1.00 -0.87 -0.50 -0.00 547
-0.87 -1.00 -0.87 -0.50 -0.00  0.50  0.86  1.00  0.87  0.50  0.00 -0.50 548
 0.00  0.00  0.00  0.00  0.00  0.00  1.00  1.00  0.00  0.00  0.00  0.00 549
 0.00  0.00  0.00  0.00  1.00  1.00  1.00  1.00  1.00  1.00  0.00  0.00 550
 0.00  0.00  0.00  0.00  0.00  0.00  0.00  0.00  0.00  1.00  1.00  1.00 551
 1.00  1.00  1.00  1.00  0.00  0.00  0.00  0.00  0.00  0.00  0.00  0.00 552
 0.50  0.87  1.00  0.87  0.50  0.00 -0.50 -0.86 -1.00 -0.87 -0.50 -0.00 553
-0.87 -1.00 -0.87 -0.50 -0.00  0.50  0.86  1.00  0.87  0.50  0.00 -0.50 554
 0.00  0.00  0.00  0.00  0.00  0.00  1.00  1.00  0.00  0.00  0.00  0.00 555
 0.00  0.00  0.00  0.00  1.00  1.00  1.00  1.00  1.00  1.00  0.00  0.00 556
 0.00  0.00  0.00  0.00  0.00  0.00  0.00  0.00  0.00  1.00  1.00  1.00 557
 1.00  1.00  1.00  1.00  0.00  0.00  0.00  0.00  0.00  0.00  0.00  0.00 558
 0.50  0.87  1.00  0.87  0.50  0.00 -0.50 -0.86 -1.00 -0.87 -0.50 -0.00 559
-0.87 -1.00 -0.87 -0.50 -0.00  0.50  0.86  1.00  0.87  0.50  0.00 -0.50 560
 0.00  0.00  0.00  0.00  0.00  0.00  1.00  1.00  0.00  0.00  0.00  0.00 561
 0.00  0.00  0.00  0.00  1.00  1.00  1.00  1.00  1.00  1.00  0.00  0.00 562
 0.00  0.00  0.00  0.00  0.00  0.00  0.00  0.00  0.00  1.00  1.00  1.00 563
 1.00  1.00  1.00  1.00  0.00  0.00  0.00  0.00  0.00  0.00  0.00  0.00 564
 0.50  0.87  1.00  0.87  0.50  0.00 -0.50 -0.86 -1.00 -0.87 -0.50 -0.00 565
-0.87 -1.00 -0.87 -0.50 -0.00  0.50  0.86  1.00  0.87  0.50  0.00 -0.50 566
 0.00  0.00  0.00  0.00  0.00  0.00  1.00  1.00  0.00  0.00  0.00  0.00 567
 0.00  0.00  0.00  0.00  1.00  1.00  1.00  1.00  1.00  1.00  0.00  0.00 568
 0.00  0.00  0.00  0.00  0.00  0.00  0.00  0.00  0.00  1.00  1.00  1.00 569
 1.00  1.00  1.00  1.00  0.00  0.00  0.00  0.00  0.00  0.00  0.00  0.00 570
 0.50  0.87  1.00  0.87  0.50  0.00 -0.50 -0.86 -1.00 -0.87 -0.50 -0.00 571
-0.87 -1.00 -0.87 -0.50 -0.00  0.50  0.86  1.00  0.87  0.50  0.00 -0.50 572
 0.00  0.00  0.00  0.00  0.00  0.00  1.00  1.00  0.00  0.00  0.00  0.00 573
 0.00  0.00  0.00  0.00  1.00  1.00  1.00  1.00  1.00  1.00  0.00  0.00 574
 0.00  0.00  0.00  0.00  0.00  0.00  0.00  0.00  0.00  1.00  1.00  1.00 575
 1.00  1.00  1.00  1.00  0.00  0.00  0.00  0.00  0.00  0.00  0.00  0.00 576
 0.50  0.87  1.00  0.87  0.50  0.00 -0.50 -0.86 -1.00 -0.87 -0.50 -0.00 577
-0.87 -1.00 -0.87 -0.50 -0.00  0.50  0.86  1.00  0.87  0.50  0.00 -0.50 578
 0.00  0.00  0.00  0.00  0.00  0.00  1.00  1.00  0.00  0.00  0.00  0.00 579
 0.00  0.00  0.00  0.00  1.00  1.00  1.00  1.00  1.00  1.00  0.00  0.00 580
 0.00  0.00  0.00  0.00  0.00  0.00  0.00  0.00  0.00  1.00  1.00  1.00 581
 1.00  1.00  1.00  1.00  0.00  0.00  0.00  0.00  0.00  0.00  0.00  0.00 582
 0.50  0.87  1.00  0.87  0.50  0.00 -0.50 -0.86 -1.00 -0.87 -0.50 -0.00 583
-0.87 -1.00 -0.87 -0.50 -0.00  0.50  0.86  1.00  0.87  0.50  0.00 -0.50 584
 0.00  0.00  0.00  0.00  0.00  0.00  1.00  1.00  0.00  0.00  0.00  0.00 585
 0.00  0.00  0.00  0.00  1.00  1.00  1.00  1.00  1.00  1.00  0.00  0.00 586
 0.00  0.00  0.00  0.00  0.00  0.00  0.00  0.00  0.00  1.00  1.00  1.00 587
 1.00  1.00  1.00  1.00  0.00  0.00  0.00  0.00  0.00  0.00  0.00  0.00 588
 0.50  0.87  1.00  0.87  0.50  0.00 -0.50 -0.86 -1.00 -0.87 -0.50 -0.00 589
-0.87 -1.00 -0.87 -0.50 -0.00  0.50  0.86  1.00  0.87  0.50  0.00 -0.50 590
 0.00  0.00  0.00  0.00  0.00  0.00  1.00  1.00  0.00  0.00  0.00  0.00 591
 0.00  0.00  0.00  0.00  1.00  1.00  1.00  1.00  1.00  1.00  0.00  0.00 592
 0.00  0.00  0.00  0.00  0.00  0.00  0.00  0.00  0.00  1.00  1.00  1.00 593
 1.00  1.00  1.00  1.00  0.00  0.00  0.00  0.00  0.00  0.00  0.00  0.00 594
 0.50  0.87  1.00  0.87  0.50  0.00 -0.50 -0.86 -1.00 -0.87 -0.50 -0.00 595
-0.87 -1.00 -0.87 -0.50 -0.00  0.50  0.86  1.00  0.87  0.50  0.00 -0.50 596
 0.00  0.00  0.00  0.00  0.00  0.00  1.00  1.00  0.00  0.00  0.00  0.00 597
 0.00  0.00  0.00  0.00  1.00  1.00  1.00  1.00  1.00  1.00  0.00  0.00 598
 0.00  0.00  0.00  0.00  0.00  0.00  0.00  0.00  0.00  1.00  1.00  1.00 599
 1.00  1.00  1.00  1.00  0.00  0.00  0.00  0.00  0.00  0.00  0.00  0.00 600
